1 1.0821e-05
2 1.0862e-05
3 1.1358e-05
4 1.088e-05
5 1.1054e-05
6 1.0843e-05
7 1.0862e-05
8 1.0944e-05
9 1.0981e-05
10 1.1133e-05
20 1.1211e-05
30 1.1527e-05
40 1.1777e-05
50 1.1896e-05
60 1.2174e-05
70 1.247e-05
80 1.2786e-05
90 1.2962e-05
100 1.3073e-05
200 1.5478e-05
300 1.769e-05
400 2.0091e-05
500 2.2514e-05
600 2.459e-05
700 2.6961e-05
800 2.9282e-05
900 3.1518e-05
1000 3.3772e-05
2000 5.6706e-05
3000 7.9556e-05
4000 0.000102491
5000 0.000125597
6000 0.000164902
7000 0.000190017
8000 0.000194218
9000 0.000217348
10000 0.000257892
20000 0.000489697
30000 0.000738826
40000 0.000957457
50000 0.00119691
60000 0.00144167
70000 0.0016547
80000 0.00186414
90000 0.00211692
100000 0.00235748
200000 0.00464803
300000 0.00702056
400000 0.00935605
500000 0.0116422
600000 0.0139876
700000 0.0163075
800000 0.0186573
900000 0.0209679
1000000 0.0232152
2000000 0.0462615
3000000 0.0691567
4000000 0.0921269
5000000 0.1151
6000000 0.138146
7000000 0.161046
8000000 0.184031
9000000 0.207215
10000000 0.230031
20000000 0.459804
30000000 0.689546
40000000 0.919876
50000000 1.14899
60000000 1.37876
70000000 1.60853
80000000 1.8386
90000000 2.0683
100000000 2.29821
