1 1.1736e-05
2 1.0955e-05
3 1.097e-05
4 1.0799e-05
5 1.092e-05
6 1.089e-05
7 1.094e-05
8 1.0738e-05
9 1.0891e-05
10 1.0867e-05
20 1.083e-05
30 1.0864e-05
40 1.116e-05
50 1.1373e-05
60 1.1169e-05
70 1.1159e-05
80 1.108e-05
90 1.1042e-05
100 1.1231e-05
200 1.1579e-05
300 1.21e-05
400 1.2267e-05
500 1.3281e-05
600 1.3014e-05
700 1.4047e-05
800 1.3838e-05
900 1.4238e-05
1000 1.4654e-05
2000 1.823e-05
3000 2.1733e-05
4000 2.5355e-05
5000 2.9107e-05
6000 3.2552e-05
7000 3.6156e-05
8000 3.9801e-05
9000 4.3323e-05
10000 4.7136e-05
20000 8.319e-05
30000 0.000121147
40000 0.000155526
50000 0.000191476
60000 0.00022756
70000 0.000274676
80000 0.000299963
90000 0.000302698
100000 0.000364862
200000 0.0007332
300000 0.000978705
400000 0.00129415
500000 0.00182068
600000 0.00191766
700000 0.00223058
800000 0.00263804
900000 0.00286769
1000000 0.00319915
2000000 0.00634338
3000000 0.00982401
4000000 0.0128335
5000000 0.0159131
6000000 0.0190273
7000000 0.0225235
8000000 0.0254966
9000000 0.0291027
10000000 0.0320884
20000000 0.0638132
30000000 0.0949667
40000000 0.126728
50000000 0.158345
60000000 0.190663
70000000 0.221732
80000000 0.252883
90000000 0.285498
100000000 0.315619
