1 1.5735e-05
2 2.0789e-05
3 2.566e-05
4 3.0751e-05
5 3.4916e-05
6 4.0631e-05
7 4.8322e-05
8 5.0807e-05
9 5.562e-05
10 5.9681e-05
20 0.000109614
30 0.000159182
40 0.000227643
50 0.000258638
60 0.00030836
70 0.0003582
80 0.000407874
90 0.000463388
100 0.000507275
200 0.00106053
300 0.0015363
400 0.00201276
500 0.00254315
600 0.00304488
700 0.00354418
800 0.00405317
900 0.00457934
1000 0.00506875
2000 0.0101
3000 0.0151517
4000 0.0201838
5000 0.0251116
6000 0.0300938
7000 0.0351656
8000 0.0401243
9000 0.0450686
10000 0.0501252
20000 0.0998248
30000 0.149636
40000 0.199472
50000 0.249275
60000 0.29936
70000 0.348916
80000 0.399151
90000 0.448643
100000 0.498319
200000 0.996716
300000 1.49497
400000 1.99321
500000 2.49156
600000 2.99005
700000 3.5269
800000 4.0278
900000 4.48426
1000000 4.98279
2000000 9.96599
3000000 14.9487
4000000 19.9303
5000000 24.9127
6000000 29.8969
