1 1.1327e-05
2 1.1666e-05
3 1.2212e-05
4 1.2638e-05
5 1.2984e-05
6 1.3796e-05
7 1.4079e-05
8 1.4547e-05
9 1.4959e-05
10 1.626e-05
20 1.9726e-05
30 2.4291e-05
40 2.8835e-05
50 3.749e-05
60 3.7966e-05
70 4.2331e-05
80 4.6943e-05
90 5.133e-05
100 5.9122e-05
200 0.000100848
300 0.000163807
400 0.000202126
500 0.000236059
600 0.000286233
700 0.00034427
800 0.000371102
900 0.000441686
1000 0.000461345
2000 0.000919482
3000 0.00139684
4000 0.00186307
5000 0.00230863
6000 0.00276835
7000 0.00322822
8000 0.00368031
9000 0.00414592
10000 0.00460605
20000 0.00918107
30000 0.0137406
40000 0.0183282
50000 0.022735
60000 0.027317
70000 0.0318698
80000 0.0363459
90000 0.040893
100000 0.0453693
200000 0.0904202
300000 0.135582
400000 0.180746
500000 0.225881
600000 0.271192
700000 0.316207
800000 0.361385
900000 0.406516
1000000 0.452102
2000000 0.903077
3000000 1.35437
4000000 1.80596
5000000 2.25766
6000000 2.70862
7000000 3.16015
8000000 3.61127
9000000 4.06363
10000000 4.51405
20000000 9.02879
30000000 13.5422
40000000 18.1932
50000000 22.6517
60000000 27.0856
70000000 31.5983
80000000 36.1134
000000 40.6637
100000000 45.2808
